@<TRIPOS>BOND
     1   121   122    2
     2   121   120    1
     3   119   120    1
     4   120   123    1
     5   114   115    1
     6    38    40   ar
     7    38    36   ar
     8   123   124    1
     9   116   117    2
    10   116   115    1
    11    40    39   ar
    12    35    36   ar
    13    35    33   ar
    14    36    34   ar
    15   115   118    1
    16   124   125    1
    17    33    32   ar
    18    39    37   ar
    19    34    37   ar
    20    34    32   ar
    21   125   126    1
    22   157   155   ar
    23   157   159   ar
    24    32    31    1
    25   155   154   ar
    26   152   151    2
    27   150   149    1
    28   150   151    1
    29   150   153    1
    30   159   158   ar
    31    11    14    1
    32    11    10    1
    33    11    12    1
    34   126   127    2
    35    14    15    1
    36   154   153    1
    37   154   156   ar
    38    31    28    1
    39    13    12    2
    40   158   156   ar
    41    12    16   am
    42   127   128    1
    43   127   129    1
    44    28    27    1
    45    28    29    1
    46   112   111    1
    47    19    18    2
    48    16    17    1
    49    27    18   am
    50    18    17    1
    51    29    30    2
    52   113   111    1
    53   135   136    1
    54   135   134    1
    55   110   111    1
    56   110   107    1
    57    17    20    1
    58   133   132    2
    59   108   109    2
    60   108   107    1
    61   131   130    1
    62   131   132    1
    63   131   134    1
    64   136   137    1
    65   132   138   am
    66   107   106    1
    67     1     2    1
    68   141   140    2
    69   140   139    1
    70    20    21    1
    71    96    97   ar
    72    96    94   ar
    73     2     3    1
    74     2     5    1
    75   138   139    1
    76    97    95   ar
    77     3     4    2
    78   139   142    1
    79     6     5    1
    80     6     7    1
    81    21    23   ar
    82    21    22   ar
    83    94    93   ar
    84    23    25   ar
    85    22    24   ar
    86     9     7   ar
    87    95    93   ar
    88     7     8   ar
    89    25    26   ar
    90    93    92    1
    91   142   143    1
    92    24    26   ar
    93    41    42    1
    94   145   144    1
    95   145   146    2
    96   144   143    1
    97    61    60    2
    98    48    46   am
    99    92    89    1
   100    43    44    2
   101    43    42    1
   102    42    45    1
   103   148   146    1
   104   146   147    1
   105    46    45    1
   106    46    47    2
   107    60    59    1
   108    60    62   am
   109    65    64    2
   110    89    90    1
   111    89    88    1
   112    91    90    2
   113    59    58    1
   114    68    67    1
   115    68    69    1
   116    64    67   am
   117    64    63    1
   118    63    62    1
   119    63    66    1
   120    52    51    2
   121    56    55   ar
   122    88    84   am
   123    70    69    2
   124    54    55    1
   125    54    53    1
   126    58    51   am
   127    69    71   am
   128    51    50    1
   129    55    57   ar
   130    84    85    2
   131    84    83    1
   132    53    50    1
   133    71    72    1
   134    50    49    1
   135    86    83    1
   136    86    87    1
   137    83    82    1
   138    82    73   am
   139    72    73    1
   140    72    75    1
   141    73    74    2
   142    75    76    1
   143    76    77    1
   144    78    77    1
   145    78    79    2
   146    80    79    1
   147    79    81    1
   148   105   103   am
   149   104   103    2
   150   103   102    1
   151   102    99    1
   152    98    99    1
   153    99   100    1
   154   100   101    2
