6g0dA00 0 0 0.5385838 7 0.41381365
6e6fB00 0 0 0.9172541 7 0.068520196
6e1xA03 0 6 0.6924412 12 0.19526331
5r4hA00 0 6 0.9223094 5 0.03177865
5yl6A00 0 6 0.9683821 9 0.012374933
5zu9A00 0 0 0.98026687 7 0.007764265
5zuaA00 0 0 0.9768883 8 0.008351315
5zwaA00 0 0 0.98225766 6 0.0040229815
6a8dA00 0 0 0.998027 6 0.000688095
6a38A00 0 0 0.99943966 6 0.00020455192
6a3aA00 0 0 0.99882025 6 0.00057863974
6a05A00 0 0 0.7208253 8 0.13174917
6d71A00 0 0 0.99874973 6 0.00043814944
6cu6A00 0 0 0.99830365 6 0.0005878776
6bofA00 0 0 0.9993869 6 0.00024775858
6ajpA00 0 6 0.80659544 12 0.05564443
6dzhC00 0 0 0.997299 6 0.00088896375
6eb4B01 0 12 0.53337103 2 0.4401629
6ebcA00 0 2 0.615137 12 0.37617528
3qobA00 1 1 0.9972313 10 0.00267438
5zkvA00 1 1 0.9993161 10 0.0005634514
6a3lB00 1 1 0.99977523 10 0.000109808
6a3kA00 1 1 0.9995931 10 0.00021513822
6ai5A00 1 1 0.983273 5 0.0055718934
6ds7B01 1 1 0.6584627 5 0.20058453
6dujA00 1 1 0.99947685 10 0.00021605752
6e03A00 1 1 0.99785584 4 0.0013232824
6ecjA00 1 1 0.9998677 10 5.8504367e-05
6g0gA00 2 12 0.66561687 2 0.17788555
6e69A02 2 2 0.91364473 12 0.08627019
6a5dA01 2 2 0.8662296 12 0.13278538
6aexA00 2 2 0.89353293 12 0.10612246
6dfgC00 2 2 0.74431324 12 0.23245552
6dfhB00 2 2 0.995256 12 0.0047336076
6e70A00 5 3 0.9992125 10 0.0004833145
6e78A00 5 3 0.99939525 10 0.00034011964
6ebuA04 5 5 0.70117223 3 0.24083646
6ag8A00 6 5 0.98401433 6 0.014345513
6dzrA00 6 6 0.7983107 12 0.12131205
6e1xD00 7 2 0.8413025 12 0.1579943
6ag5A00 8 8 0.9825295 0 0.0073263007
5r4vA00 10 9 0.6656424 6 0.3129368
6ajzA00 10 0 0.93634456 7 0.024313068
6g3tA00 12 2 0.63330424 12 0.36234233
6db0B01 12 12 0.67265123 2 0.30818576
---------------classification report----------------
              precision    recall  f1-score   support

           0     0.9286    0.6842    0.7879        19
           1     1.0000    1.0000    1.0000         9
           2     0.6250    0.8333    0.7143         6
           3     0.0000    0.0000    0.0000         0
           5     0.5000    0.3333    0.4000         3
           6     0.2000    0.5000    0.2857         2
           7     0.0000    0.0000    0.0000         1
           8     1.0000    1.0000    1.0000         1
           9     0.0000    0.0000    0.0000         0
          10     0.0000    0.0000    0.0000         2
          12     0.3333    0.5000    0.4000         2

    accuracy                         0.6889        45
   macro avg     0.4170    0.4410    0.4171        45
weighted avg     0.7547    0.6889    0.7073        45

